[{"left_w0": -3.049937301513174, "left_w1": -1.3575729972785913, 
	 			"left_w2": -0.13192234775814557, "left_e0": -0.616276781532965, 
	 			"left_e1": 1.5899710866432313, "left_s0": 1.2237331735355887, "left_s1": -1.3936215457938983}]