[{"left_w0":0.2124563391221298,"left_w1":2.0923497946757044,
"left_w2":0.08245146734884098,"left_e0":-1.0964127681410996,
"left_e1":0.7282573790486002,"left_s0":1.6804759531284708,"left_s1":-1.2893108522176902}]
